33
237
72
238
433
378
193
12
339
208
280
346
411
354
388
374
238
465
26
45
54
220
473
233
457
272
47
190
166
48
483
16
239
96
314
101
327
183
486
225
148
138
201
84
50
183
178
189
429
343
406
390
316
173
411
420
437
15
353
5
31
325
176
349
442
421
302
31
307
271
483
168
424
379
52
251
255
49
76
327
459
139
237
386
135
55
271
243
69
124
292
358
242
41
54
154
108
244
206
283
386
176
327
93
284
302
493
82
471
39
234
15
108
122
157
441
310
231
410
324
272
447
446
111
396
363
433
384
285
236
438
157
9
72
233
104
319
7
48
133
363
14
170
298
149
36
156
291
356
441
275
439
318
13
122
425
291
34
279
394
198
369
257
335
266
15
15
407
336
384
387
409
16
460
366
24
276
308
68
186
349
303
123
487
274
72
33
84
332
175
268
144
386
433
500
455
253
82
453
133
348
375
228
101
487
219
47
100
404
30
452
338
184
81
124
357
454
434
167
469
335
412
346
280
288
326
142
358
474
142
386
95
387
14
422
217
108
295
402
500
143
246
486
69
62
330
366
161
94
239
494
220
66
313
445
452
460
111
12
407
87
177
309
98
184
359
211
446
204
106
447
213
34
249
220
360
449
60
202
391
172
313
221
340
413
248
147
373
168
123
223
93
38
110
402
222
154
12
355
343
118
180
441
259
396
261
174
56
210
457
197
382
15
287
179
353
429
337
88
62
57
289
352
286
408
357
132
381
273
91
127
128
467
487
91
117
65
326
169
56
45
331
173
255
82
196
198
303
334
433
126
470
328
318
417
434
350
80
473
401
335
270
18
183
256
143
58
216
99
248
52
62
447
26
216
122
254
146
155
398
465
446
240
376
237
397
10
373
71
96
167
289
162
372
284
499
396
336
122
129
404
358
118
498
175
227
387
88
151
430
278
229
11
312
221
117
391
469
209
341
71
463
238
22
64
19
245
189
339
14
449
333
162
305
324
202
196
232
498
220
107
452
412
461
296
331
259
60
174
222
32
126
398
249
295
106
2
293
17
427
146
13
5
304
42
29
94
126
489
80
436
297
34
367
16
448
79
141
257
332
92
44
218
460
210
172
447
241
66
131
231
390
496
176
355
265
479
67
17
152
